7 1706.431030
9 6103.772949
12 3105.252686
13 268.877747
14 676.295715
17 1506.975342
18 15892.780273
20 4370.355957
21 2761.014648
22 2689.012451
23 236.305725
29 3563.126465
30 1520.123169
31 311.602295
32 3577.468994
33 1531.234497
34 1245.539917
35 2631.625977
37 3572.984619
39 3412.175293
40 4783.923340
41 7522.967773
43 2581.253174
45 2092.951660
47 719.856628
48 8197.587891
52 1329.148682
56 6950.604980
59 2251.305420
64 2280.954102
65 4593.116699
68 2569.765869
69 2680.275146
70 2209.050781
71 6086.208008
72 8227.497070
73 36.477097
75 2519.208984
77 2319.508301
81 309.100616
82 4326.610352
83 1073.502197
84 1229.010254
86 2697.079102
87 3113.771973
89 3952.423340
90 45.541130
91 4523.530762
92 3132.926514
93 121.449036
94 122.863541
95 2990.062256
96 104.469238
97 2343.582031
98 2703.705566
99 145.980225
101 169.969498
102 3863.000000
103 1178.253174
104 6868.083984
105 3109.239014
107 3670.387695
108 3285.471924
